# 0
K 741.8402099609375 0.0 0.0 0.0 791.2962646484375 -0.0 0.0 0.0 1.0 
E 0.9999800324440002 9.790522744879127E-5 0.006319782696664333 0.04579095542430878 2.892482152674347E-4 0.9981235861778259 -0.061230577528476715 0.27224206924438477 -0.006313919089734554 0.061231184750795364 0.9981036186218262 -3.562436103820801 
P 741.8253784179688 0.07263003289699554 4.688269138336182 33.96957015991211 0.22888103127479553 789.8114624023438 -48.4515266418457 215.42413330078125 -0.006313919089734554 0.061231184750795364 0.9981036186218262 -3.562436103820801 
r 0.061269618570804596 0.006320847198367119 9.573202260071412E-5 
t 0.06836172193288803 0.053603559732437134 -3.5720605850219727 
# 1
K 741.8402099609375 0.0 0.0 0.0 791.2962646484375 0.0 0.0 0.0 1.0 
E 0.9998809695243835 0.0012882659211754799 0.015376552939414978 0.028395626693964005 -3.45285254297778E-4 0.9981272220611572 -0.061171650886535645 0.2682529091835022 -0.01542656123638153 0.06115905940532684 0.9980087876319885 -3.5564002990722656 
P 741.7518920898438 0.9556874632835388 11.40694522857666 21.065017700195312 -0.2732229232788086 789.8143310546875 -48.40489959716797 212.2675323486328 -0.01542656123638153 0.06115905940532684 0.9980087876319885 -3.5564002990722656 
r 0.061205990612506866 0.015411789529025555 -8.173182141035795E-4 
t 0.08316265046596527 0.05028101056814194 -3.5652916431427 
# 2
K 741.8402099609375 0.0 0.0 0.0 791.2962646484375 0.0 0.0 0.0 1.0 
E 0.9997189044952393 0.0022842970211058855 0.023598618805408478 0.016533836722373962 -8.36079241707921E-4 0.9981253147125244 -0.061197247356176376 0.26847079396247864 -0.023694172501564026 0.061160314828157425 0.9978466629981995 -3.551095962524414 
P 741.6316528320312 1.6945834159851074 17.506404876708984 12.265464782714844 -0.6615864038467407 789.8128051757812 -48.42515182495117 212.43994140625 -0.023694172501564026 0.061160314828157425 0.9978466629981995 -3.551095962524414 
r 0.061222758144140244 0.023663392290472984 -0.0015613095602020621 
t 0.10044500231742859 0.050819139927625656 -3.5594887733459473 
# 3
K 741.8402099609375 0.0 0.0 0.0 791.2962646484375 0.0 0.0 0.0 1.0 
E 0.9995251893997192 0.0031384651083499193 0.03065108135342598 0.02108929306268692 -0.0012517221039161086 0.9981135725975037 -0.061381746083498 0.27654191851615906 -0.030785905197262764 0.061314236372709274 0.9976436495780945 -3.5342345237731934 
P 741.4879760742188 2.328239679336548 22.738204956054688 15.644886016845703 -0.9904830455780029 789.8035278320312 -48.57114791870117 218.8265838623047 -0.030785905197262764 0.061314236372709274 0.9976436495780945 -3.5342345237731934 
r 0.061396270990371704 0.030742669478058815 -0.0021968211513012648 
t 0.12953774631023407 0.05938753858208656 -3.5422346591949463 
# 4
K 741.8402099609375 0.0 0.0 0.0 791.2962646484375 0.0 0.0 0.0 1.0 
E 0.9999152421951294 0.0011322411010041833 0.012967931106686592 2.66353702545166 -2.917340607382357E-4 0.9979090094566345 -0.06463361531496048 0.42569082975387573 -0.013013996183872223 0.0646243542432785 0.9978247880935669 -3.4838759899139404 
P 741.77734375 0.8399419784545898 9.620132446289062 1975.9188232421875 -0.23084807395935059 789.6416625976562 -51.14433670043945 336.8475646972656 -0.013013996183872223 0.0646243542432785 0.9978247880935669 -3.4838759899139404 
r 0.06467588990926743 0.013000392355024815 -7.125043193809688E-4 
t 2.708526611328125 0.20267325639724731 -3.469271183013916 
# 5
K 741.8402099609375 0.0 -0.0 0.0 791.2962646484375 0.0 0.0 0.0 1.0 
E 0.9997031688690186 0.002717487048357725 0.024210916832089424 2.800431489944458 -0.0011172178201377392 0.9978277683258057 -0.06586690247058868 0.47718545794487 -0.024337317794561386 0.06582029908895493 0.9975346326828003 -3.4807376861572266 
P 741.6199951171875 2.0159411430358887 17.96063232421875 2077.47265625 -0.8840503096580505 789.577392578125 -52.120235443115234 377.5950622558594 -0.024337317794561386 0.06582029908895493 0.9975346326828003 -3.4807376861572266 
r 0.06589780747890472 0.02429410070180893 -0.0019189309095963836 
t 2.8837788105010986 0.2546558380126953 -3.435786247253418 
# 6
K 741.8402099609375 0.0 0.0 0.0 791.2962646484375 0.0 0.0 0.0 1.0 
E 0.9995304346084595 0.003876923583447933 0.03039553202688694 3.398463726043701 -0.0019318271661177278 0.9979631900787354 -0.06376289576292038 0.3774426579475403 -0.030580826103687286 0.06367423385381699 0.9975020885467529 -3.519002914428711 
P 741.4918823242188 2.8760578632354736 22.548627853393555 2521.116943359375 -1.5286476612091064 789.6845703125 -50.45534133911133 298.6689758300781 -0.030580826103687286 0.06367423385381699 0.9975020885467529 -3.519002914428711 
r 0.06377176195383072 0.03051363304257393 -0.0029068002477288246 
t 3.5037527084350586 0.16577963531017303 -3.430981397628784 
# 7
K 741.8402099609375 0.0 -0.0 0.0 791.2962646484375 0.0 0.0 0.0 1.0 
E 0.9992481470108032 0.00493905832991004 0.03845389559864998 3.7099201679229736 -0.0024476107209920883 0.99791020154953 -0.06456995010375977 0.4096447229385376 -0.038692448288202286 0.06442728638648987 0.9971719980239868 -3.540132999420166 
P 741.282470703125 3.663992166519165 28.52664566040039 2752.16796875 -1.9367852210998535 789.6426391601562 -51.09395980834961 324.15032958984375 -0.038692448288202286 0.06442728638648987 0.9971719980239868 -3.540132999420166 
r 0.06455963104963303 0.038609664887189865 -0.003696828382089734 
t 3.843104839324951 0.19903098046779633 -3.4139113426208496 
# 8
K 741.8402099609375 0.0 0.0 0.0 791.2962646484375 0.0 0.0 0.0 1.0 
E 0.9998720288276672 0.0017501374240964651 0.015900369733572006 5.449713706970215 -7.271344074979424E-4 0.9979420900344849 -0.06411765515804291 0.3997408151626587 -0.015979863703250885 0.06409788876771927 0.9978156685829163 -3.4920101165771484 
P 741.7453002929688 1.298322319984436 11.795533180236816 4042.816650390625 -0.5753787159919739 789.6678466796875 -50.736061096191406 316.31341552734375 -0.015979863703250885 0.06409788876771927 0.9978156685829163 -3.4920101165771484 
r 0.06415450572967529 0.015951737761497498 -0.0012395388912409544 
t 5.504527568817139 0.18462544679641724 -3.4233603477478027 
# 9
K 741.8402099609375 0.0 0.0 0.0 791.2962646484375 0.0 0.0 0.0 1.0 
E 0.9998765587806702 0.001820584642700851 0.01560735423117876 6.166820526123047 -8.213492692448199E-4 0.9979628920555115 -0.06379223614931107 0.38409432768821716 -0.01569169946014881 0.06377153843641281 0.9978411793708801 -3.49934983253479 
P 741.7486572265625 1.3505828380584717 11.578163146972656 4574.79541015625 -0.6499305963516235 789.684326171875 -50.47855758666992 303.9324035644531 -0.01569169946014881 0.06377153843641281 0.9978411793708801 -3.49934983253479 
r 0.06382784247398376 0.015660801902413368 -0.001321918796747923 
t 6.220654487609863 0.1713801622390747 -3.4200496673583984 
# 10
K 741.8402099609375 0.0 0.0 0.0 791.2962646484375 0.0 0.0 0.0 1.0 
E 0.9998810887336731 0.0016191882314160466 0.01533515751361847 6.8753132820129395 -6.400159327313304E-4 0.9979725480079651 -0.06364236027002335 0.37995272874832153 -0.01540711522102356 0.06362497806549072 0.9978549480438232 -3.4975645542144775 
P 741.7520141601562 1.2011789083480835 11.376236915588379 5100.3837890625 -0.5064421892166138 789.6919555664062 -50.359962463378906 300.6551818847656 -0.01540711522102356 0.06362497806549072 0.9978549480438232 -3.4975645542144775 
r 0.06367921829223633 0.015382139943540096 -0.0011304107028990984 
t 6.928140163421631 0.16778235137462616 -3.408809185028076 
# 11
K 741.8402099609375 0.0 -0.0 0.0 791.2962646484375 0.0 0.0 0.0 1.0 
E 0.9998826384544373 0.0017429088475182652 0.015222680754959583 7.5231781005859375 -7.772005628794432E-4 0.9979996085166931 -0.06321573257446289 0.35919779539108276 -0.01530240848660469 0.06319648027420044 0.9978837966918945 -3.507350444793701 
P 741.753173828125 1.2929598093032837 11.292797088623047 5580.99609375 -0.6149958968162537 789.71337890625 -50.02237319946289 284.23187255859375 -0.01530240848660469 0.06319648027420044 0.9978837966918945 -3.507350444793701 
r 0.06325074285268784 0.01527332328259945 -0.0012609446421265602 
t 7.575686931610107 0.14993923902511597 -3.408112049102783 
# 12
K 741.8402099609375 0.0 -0.0 0.0 791.2962646484375 -0.0 0.0 0.0 1.0 
E 0.9998817443847656 0.0016807529609650373 0.015284867025911808 8.210189819335938 -7.153570768423378E-4 0.9980165958404541 -0.06294766813516617 0.3475831151008606 -0.015360349789261818 0.06292929500341415 0.9978997707366943 -3.509096384048462 
P 741.7525024414062 1.2468501329421997 11.338929176330566 6090.64892578125 -0.566059410572052 789.726806640625 -49.81025314331055 275.0412292480469 -0.015360349789261818 0.06292929500341415 0.9978997707366943 -3.509096384048462 
r 0.06298259645700455 0.015333347953855991 -0.0011988946935161948 
t 8.262871742248535 0.13986805081367493 -3.3981144428253174 
# 13
K 741.8402099609375 0.0 -0.0 0.0 791.2962646484375 0.0 0.0 0.0 1.0 
E 0.9998871684074402 0.001718037063255906 0.014921559020876884 8.893733978271484 -7.661213749088347E-4 0.9979772567749023 -0.06356754899024963 0.3742835223674774 -0.01500058826059103 0.06354894489049911 0.9978659749031067 -3.4960527420043945 
P 741.7565307617188 1.2745089530944824 11.069412231445312 6597.7294921875 -0.6062290072441101 789.6956787109375 -50.30076217651367 296.1691589355469 -0.01500058826059103 0.06354894489049911 0.9978659749031067 -3.4960527420043945 
r 0.06360351294279099 0.01497172936797142 -0.0012429638300091028 
t 8.944887161254883 0.16663572192192078 -3.379676103591919 
# 14
K 741.8402099609375 0.0 -0.0 0.0 791.2962646484375 -0.0 0.0 0.0 1.0 
E 0.9998687505722046 0.0020882263779640198 0.016065726056694984 9.479927062988281 -0.0010601725662127137 0.9979662895202637 -0.06373481452465057 0.3765944838523865 -0.016166144981980324 0.06370941549539566 0.9978375434875488 -3.498384475708008 
P 741.7428588867188 1.5491303205490112 11.918201446533203 7032.59130859375 -0.8389105796813965 789.68701171875 -50.43312072753906 297.997802734375 -0.016166144981980324 0.06370941549539566 0.9978375434875488 -3.498384475708008 
r 0.06376811116933823 0.01612756960093975 -0.0015753358602523804 
t 9.534838676452637 0.17274479568004608 -3.3625197410583496 
# 15
K 741.8402099609375 0.0 -0.0 0.0 791.2962646484375 -0.0 0.0 0.0 1.0 
E 0.9998637437820435 0.0018691489240154624 0.01640024408698082 10.161922454833984 -8.209654479287565E-4 0.9979695081710815 -0.06368807703256607 0.37761202454566956 -0.01648598723113537 0.06366593390703201 0.997835099697113 -3.5179076194763184 
P 741.7391357421875 1.3866097927093506 12.166360855102539 7538.5224609375 -0.6496269106864929 789.6895141601562 -50.39613723754883 298.802978515625 -0.01648598723113537 0.06366593390703201 0.997835099697113 -3.5179076194763184 
r 0.06372301280498505 0.016454996541142464 -0.001346029108390212 
t 10.21822452545166 0.17186854779720306 -3.367682933807373 
# 16
K 741.8402099609375 0.0 0.0 0.0 791.2962646484375 -0.0 0.0 0.0 1.0 
E 0.9998742341995239 0.0018793689087033272 0.01574741117656231 10.89574909210205 -8.736459421925247E-4 0.9979730844497681 -0.06363100558519363 0.37462323904037476 -0.015835078433156013 0.06360924243927002 0.9978492259979248 -3.5100719928741455 
P 741.7468872070312 1.3941913843154907 11.682063102722168 8082.90478515625 -0.6913127899169922 789.6923828125 -50.35097885131836 296.4379577636719 -0.015835078433156013 0.06360924243927002 0.9978492259979248 -3.5100719928741455 
r 0.06366579234600067 0.01580258086323738 -0.0013774955878034234 
t 10.949633598327637 0.17106802761554718 -3.354780435562134 
# 17
K 741.8402099609375 0.0 0.0 0.0 791.2962646484375 -0.0 0.0 0.0 1.0 
E 0.9998717308044434 0.0018923976458609104 0.015903497114777565 11.565444946289062 -8.800288778729737E-4 0.9979862570762634 -0.06342446804046631 0.36530351638793945 -0.015991495922207832 0.06340233981609344 0.9978598952293396 -3.51794695854187 
P 741.7450561523438 1.403856635093689 11.797853469848633 8579.7119140625 -0.6963635683059692 789.7028198242188 -50.18754577636719 289.06329345703125 -0.015991495922207832 0.06340233981609344 0.9978598952293396 -3.51794695854187 
r 0.06345870345830917 0.015958888456225395 -0.0013872034614905715 
t 11.619897842407227 0.16340824961662292 -3.349656343460083 
# 18
K 741.8402099609375 0.0 0.0 0.0 791.2962646484375 0.0 0.0 0.0 1.0 
E 0.9998728036880493 0.0018585151992738247 0.01584208570420742 12.209207534790039 -8.335752645507455E-4 0.9979199171066284 -0.06445995718240738 0.4114878177642822 -0.015928931534290314 0.06443855166435242 0.9977945685386658 -3.5023529529571533 
P 741.745849609375 1.3787213563919067 11.752296447753906 9057.28125 -0.6596049666404724 789.6503295898438 -51.00692367553711 325.6087646484375 -0.015928931534290314 0.06443855166435242 0.9977945685386658 -3.5023529529571533 
r 0.06449669599533081 0.015897201374173164 -0.0013470359845086932 
t 12.263099670410156 0.20763634145259857 -3.3277337551116943 
# 19
K 741.8402099609375 0.0 -0.0 0.0 791.2962646484375 -0.0 0.0 0.0 1.0 
E 0.9998668432235718 0.0018754734192043543 0.016209037974476814 12.865987777709961 -8.49338888656348E-4 0.9980079531669617 -0.06308279931545258 0.35044991970062256 -0.0162950586527586 0.06306063383817673 0.9978766441345215 -3.5270633697509766 
P 741.741455078125 1.3913016319274902 12.024516105651855 9544.5068359375 -0.6720786690711975 789.719970703125 -49.91718292236328 277.3097229003906 -0.0162950586527586 0.06306063383817673 0.9978766441345215 -3.5270633697509766 
r 0.0631164163351059 0.01626356691122055 -0.0013633717317134142 
t 12.9214506149292 0.15146276354789734 -3.3331363201141357 
# 20
K 741.8402099609375 0.0 -0.0 0.0 791.2962646484375 -0.0 0.0 0.0 1.0 
E 0.9998604655265808 0.001740601728670299 0.016614023596048355 13.529824256896973 -6.861986475996673E-4 0.9979968070983887 -0.06326054036617279 0.3598182797431946 -0.016690853983163834 0.06324031203985214 0.9978587627410889 -3.5324742794036865 
P 741.7366943359375 1.2912483215332031 12.324951171875 10036.9677734375 -0.5429864525794983 789.7111206054688 -50.057830810546875 284.7228698730469 -0.016690853983163834 0.06324031203985214 0.9978587627410889 -3.5324742794036865 
r 0.0632956251502037 0.01666433922946453 -0.0012142673367634416 
t 13.586648941040039 0.15925274789333344 -3.322887897491455 
# 21
K 741.8402099609375 0.0 -0.0 0.0 791.2962646484375 -0.0 0.0 0.0 1.0 
E 0.9998611807823181 0.001597806578502059 0.016584882512688637 14.216469764709473 -5.396042251959443E-4 0.9979743957519531 -0.0636146068572998 0.37708479166030884 -0.01665293239057064 0.06359682232141495 0.997836709022522 -3.5310962200164795 
P 741.7372436523438 1.1853171586990356 12.303332328796387 10546.3486328125 -0.42698681354522705 789.6934204101562 -50.3380012512207 298.3857727050781 -0.01665293239057064 0.06359682232141495 0.997836709022522 -3.5310962200164795 
r 0.06365162879228592 0.016630904749035835 -0.0010694769443944097 
t 14.273097038269043 0.17446963489055634 -3.311666965484619 
# 22
K 741.8402099609375 0.0 -0.0 0.0 791.2962646484375 -0.0 0.0 0.0 1.0 
E 0.9998571872711182 0.0016635750653222203 0.016818396747112274 14.882211685180664 -5.972209037281573E-4 0.9979999661445618 -0.06321127712726593 0.3583995997905731 -0.016889916732907295 0.0631922036409378 0.997858464717865 -3.543431520462036 
P 741.7342529296875 1.2341068983078003 12.4765625 11040.22265625 -0.47257867455482483 789.713623046875 -50.01884841918945 283.6002502441406 -0.016889916732907295 0.0631922036409378 0.997858464717865 -3.543431520462036 
r 0.06324690580368042 0.016866201534867287 -0.0011312058195471764 
t 14.939719200134277 0.15852323174476624 -3.3082029819488525 
# 23
K 741.8402099609375 0.0 0.0 0.0 791.2962646484375 0.0 0.0 0.0 1.0 
E 0.9998633861541748 0.0015669642016291618 0.016453389078378677 15.588940620422363 -5.201110616326332E-4 0.9979856610298157 -0.06343785673379898 0.36932528018951416 -0.01651965267956257 0.06342063844203949 0.9978501796722412 -3.530362129211426 
P 741.7388916015625 1.162437081336975 12.205785751342773 11564.5029296875 -0.4115619361400604 789.7023315429688 -50.19813919067383 292.2457275390625 -0.01651965267956257 0.06342063844203949 0.9978501796722412 -3.530362129211426 
r 0.06347475200891495 0.016498347744345665 -0.0010442862985655665 
t 15.644939422607422 0.16911084949970245 -3.289710521697998 
# 24
K 741.8402099609375 0.0 -0.0 0.0 791.2962646484375 -0.0 0.0 0.0 1.0 
E 0.9998584985733032 0.0015284433029592037 0.016751985996961594 16.25884437561035 -4.6950203250162303E-4 0.9980111718177795 -0.06303538382053375 0.35306841135025024 -0.01681501604616642 0.06301860511302948 0.997870683670044 -3.540799856185913 
P 741.7352294921875 1.13386070728302 12.42729663848877 12061.46484375 -0.3715152144432068 789.7225341796875 -49.87966537475586 279.3817138671875 -0.01681501604616642 0.06301860511302948 0.997870683670044 -3.540799856185913 
r 0.06307177990674973 0.016795426607131958 -9.996824664995074E-4 
t 16.315916061401367 0.15408071875572205 -3.2831482887268066 
# 25
K 741.8402099609375 0.0 -0.0 0.0 791.2962646484375 -0.0 0.0 0.0 1.0 
E 0.9998574256896973 0.0015981701435521245 0.01681075431406498 16.983156204223633 -5.321915377862751E-4 0.9979991912841797 -0.06322481483221054 0.36045026779174805 -0.016878163442015648 0.06320685148239136 0.9978576898574829 -3.53399658203125 
P 741.7344360351562 1.185586929321289 12.470893859863281 12598.7880859375 -0.42112118005752563 789.7130126953125 -50.02956008911133 285.22296142578125 -0.016878163442015648 0.06320685148239136 0.9978576898574829 -3.53399658203125 
r 0.06326102465391159 0.016856500878930092 -0.0010659423423931003 
t 17.040189743041992 0.16349823772907257 -3.2637155055999756 
# 26
K 741.8402099609375 0.0 -0.0 0.0 791.2962646484375 -0.0 0.0 0.0 1.0 
E 0.9998481869697571 0.0015109516680240631 0.0173594132065773 17.70353126525879 -4.1627351311035454E-4 0.9980202913284302 -0.06289096176624298 0.34725672006607056 -0.017420072108507156 0.06287418305873871 0.9978694319725037 -3.548964500427246 
P 741.7276000976562 1.120884656906128 12.877910614013672 13133.19140625 -0.32939568161964417 789.729736328125 -49.765384674072266 274.782958984375 -0.017420072108507156 0.06287418305873871 0.9978694319725037 -3.548964500427246 
r 0.06292727589607239 0.017402105033397675 -9.642976801842451E-4 
t 17.762521743774414 0.15018019080162048 -3.2559194564819336 
# 27
K 741.8402099609375 0.0 0.0 0.0 791.2962646484375 0.0 0.0 0.0 1.0 
E 0.9998475313186646 0.00154205784201622 0.017392344772815704 18.368000030517578 -4.285393806640059E-4 0.9979596734046936 -0.06384633481502533 0.3895845115184784 -0.017455313354730606 0.06382914632558823 0.9978081583976746 -3.5359511375427246 
P 741.7271118164062 1.1439604759216309 12.90234088897705 13626.12109375 -0.3391016125679016 789.6817626953125 -50.521366119384766 308.2767639160156 -0.017455313354730606 0.06382914632558823 0.9978081583976746 -3.5359511375427246 
r 0.0638844296336174 0.017436573281884193 -9.860192658379674E-4 
t 18.426753997802734 0.191417396068573 -3.233611822128296 
# 28
K 741.8402099609375 0.0 0.0 0.0 791.2962646484375 0.0 0.0 0.0 1.0 
E 0.9998464584350586 0.0015285065164789557 0.017454665154218674 19.030914306640625 -4.1087536374107003E-4 0.9979590773582458 -0.06385540962219238 0.390744149684906 -0.017516644671559334 0.063838429749012 0.9978064894676208 -3.539973735809326 
P 741.726318359375 1.1339075565338135 12.948572158813477 14117.8974609375 -0.3251241445541382 789.6812744140625 -50.52854537963867 309.19439697265625 -0.017516644671559334 0.063838429749012 0.9978064894676208 -3.539973735809326 
r 0.06389365345239639 0.017498454079031944 -9.704007534310222E-4 
t 19.089841842651367 0.19304917752742767 -3.2249817848205566 
# 29
K 741.8402099609375 0.0 0.0 0.0 791.2962646484375 0.0 0.0 0.0 1.0 
E 0.99984210729599 0.0015322765102609992 0.017704816535115242 19.658706665039062 -4.0097645251080394E-4 0.9979673624038696 -0.0637255311012268 0.3849373459815979 -0.017766475677490234 0.0637083649635315 0.997810423374176 -3.5463523864746094 
P 741.7230834960938 1.1367043256759644 13.13414478302002 14583.619140625 -0.31729117035865784 789.6878662109375 -50.42577362060547 304.5994873046875 -0.017766475677490234 0.0637083649635315 0.997810423374176 -3.5463523864746094 
r 0.06376350671052933 0.017748603597283363 -9.67332802247256E-4 
t 19.718454360961914 0.18834516406059265 -3.2150635719299316 
# 30
K 741.8402099609375 0.0 0.0 0.0 791.2962646484375 0.0 0.0 0.0 1.0 
E 0.9998431205749512 0.0015036881668493152 0.017647864297032356 20.30961036682129 -3.8338126614689827E-4 0.9979935884475708 -0.06331361085176468 0.36717724800109863 -0.01770765893161297 0.06329691410064697 0.9978376030921936 -3.549121379852295 
P 741.7238159179688 1.1154963970184326 13.09189510345459 15066.4853515625 -0.30336815118789673 789.7086181640625 -50.099822998046875 290.5459899902344 -0.01770765893161297 0.06329691410064697 0.9978376030921936 -3.549121379852295 
r 0.06335094571113586 0.017690517008304596 -9.442155133001506E-4 
t 20.369129180908203 0.17233143746852875 -3.206273078918457 
# 31
K 741.8402099609375 0.0 -0.0 0.0 791.2962646484375 0.0 0.0 0.0 1.0 
E 0.9998412132263184 0.0015051575610414147 0.01775786094367504 20.989498138427734 -3.7588769919238985E-4 0.9979864954948425 -0.06342536956071854 0.37289315462112427 -0.01781756989657879 0.06340862065553665 0.9978286027908325 -3.5545854568481445 
P 741.722412109375 1.116586446762085 13.173495292663574 15570.853515625 -0.29743853211402893 789.7030029296875 -50.18825912475586 295.0689697265625 -0.01781756989657879 0.06340862065553665 0.9978286027908325 -3.5545854568481445 
r 0.06346294283866882 0.017800603061914444 -9.412040817551315E-4 
t 21.04935646057129 0.17834347486495972 -3.197789430618286 
# 32
K 741.8402099609375 0.0 0.0 0.0 791.2962646484375 0.0 0.0 0.0 1.0 
E 0.9998475909233093 0.0013377810828387737 0.017408153042197227 21.671173095703125 -2.3085928114596754E-4 0.9979860186576843 -0.06343365460634232 0.37630897760391235 -0.017457952722907066 0.06341996788978577 0.9978342056274414 -3.542243003845215 
P 741.7271728515625 0.9924197793006897 12.914068222045898 16076.5478515625 -0.18267808854579926 789.70263671875 -50.1948127746582 297.7718811035156 -0.017457952722907066 0.06341996788978577 0.9978342056274414 -3.542243003845215 
r 0.06347265094518661 0.017445651814341545 -7.848869427107275E-4 
t 21.72962188720703 0.17989347875118256 -3.1811869144439697 
# 33
K 741.8402099609375 0.0 0.0 0.0 791.2962646484375 0.0 0.0 0.0 1.0 
E 0.9998453259468079 0.0013038871111348271 0.017537569627165794 22.35822296142578 -1.9007046648766845E-4 0.9979905486106873 -0.06336259841918945 0.37344712018966675 -0.017584946006536484 0.06334946304559708 0.9978364706039429 -3.5463109016418457 
P 741.7254638671875 0.9672759175300598 13.010074615478516 16586.228515625 -0.15040205419063568 789.7061767578125 -50.138587951660156 295.50732421875 -0.017584946006536484 0.06334946304559708 0.9978364706039429 -3.5463109016418457 
r 0.06340176612138748 0.01757393591105938 -7.475180318579078E-4 
t 22.417057037353516 0.17719240486621857 -3.170192003250122 
# 34
K 741.8402099609375 0.0 0.0 0.0 791.2962646484375 0.0 0.0 0.0 1.0 
E 0.999826192855835 0.0014042420079931617 0.018589342013001442 22.978178024291992 -2.1937709243502468E-4 0.9979761838912964 -0.06358811259269714 0.38284173607826233 -0.018641013652086258 0.06357298046350479 0.9978030920028687 -3.5758779048919678 
P 741.7112426757812 1.0417231321334839 13.790321350097656 17046.13671875 -0.17359226942062378 789.69482421875 -50.31703567504883 302.94122314453125 -0.018641013652086258 0.06357298046350479 0.9978030920028687 -3.5758779048919678 
r 0.06362715363502502 0.01862882450222969 -8.124046726152301E-4 
t 23.040760040283203 0.18700464069843292 -3.1652169227600098 
# 35
K 741.8402099609375 0.0 0.0 0.0 791.2962646484375 -0.0 0.0 0.0 1.0 
E 0.9998211860656738 0.0014167807530611753 0.018857140094041824 23.657970428466797 -2.1607510279864073E-4 0.9979802966117859 -0.06352409720420837 0.37970632314682007 -0.01890905387699604 0.06350865960121155 0.9978021383285522 -3.5724945068359375 
P 741.7075805664062 1.0510249137878418 13.988985061645508 17550.43359375 -0.17097942531108856 789.6980590820312 -50.266380310058594 300.460205078125 -0.01890905387699604 0.06350865960121155 0.9978021383285522 -3.5724945068359375 
r 0.06356295943260193 0.01889694482088089 -8.170267101377249E-4 
t 23.721210479736328 0.18557323515415192 -3.142641305923462 
# 36
K 741.8402099609375 0.0 0.0 0.0 791.2962646484375 -0.0 0.0 0.0 1.0 
E 0.9998514652252197 0.0012259416980668902 0.017192305997014046 24.408184051513672 -1.1731690028682351E-4 0.9979282021522522 -0.06433705240488052 0.41885510087013245 -0.017235562205314636 0.0643254742026329 0.9977801442146301 -3.5206761360168457 
P 741.7300415039062 0.9094528555870056 12.75394344329834 18106.97265625 -0.09283242374658585 789.6568603515625 -50.90966796875 331.4384765625 -0.017235562205314636 0.0643254742026329 0.9977801442146301 -3.5206761360168457 
r 0.06437890976667404 0.0172266848385334 -6.721268291585147E-4 
t 24.46518898010254 0.22144117951393127 -3.120175361633301 
# 37
K 741.8402099609375 0.0 -0.0 0.0 791.2962646484375 0.0 0.0 0.0 1.0 
E 0.9998417496681213 0.001322285272181034 0.017742019146680832 25.0463924407959 -1.8923815514426678E-4 0.9979682564735413 -0.06371261924505234 0.3882071077823639 -0.01779021881520748 0.06369917839765549 0.9978105425834656 -3.5385167598724365 
P 741.7228393554688 0.9809243679046631 13.1617431640625 18580.421875 -0.14974345266819 789.6885375976562 -50.415557861328125 307.18682861328125 -0.01779021881520748 0.06369917839765549 0.9978105425834656 -3.5385167598724365 
r 0.0637524425983429 0.017779098823666573 -7.563138497062027E-4 
t 25.10530662536621 0.19513623416423798 -3.1111295223236084 
# 38
K 741.8402099609375 0.0 0.0 0.0 791.2962646484375 -0.0 0.0 0.0 1.0 
E 0.9998449087142944 0.001331097329966724 0.017561279237270355 25.743465423583984 -2.0759925246238708E-4 0.9979612231254578 -0.0638231635093689 0.39324161410331726 -0.01761043071746826 0.06380962580442429 0.9978066682815552 -3.5364720821380615 
P 741.7251586914062 0.987461507320404 13.027663230895996 19097.537109375 -0.1642725169658661 789.6829833984375 -50.50303268432617 311.1706237792969 -0.01761043071746826 0.06380962580442429 0.9978066682815552 -3.5364720821380615 
r 0.06386309862136841 0.017598725855350494 -7.699112757109106E-4 
t 25.80167007446289 0.20104597508907318 -3.1017253398895264 
# 39
K 741.8402099609375 0.0 0.0 0.0 791.2962646484375 -0.0 0.0 0.0 1.0 
E 0.9998393654823303 0.0013790240045636892 0.017869073897600174 26.414134979248047 -2.2302863362710923E-4 0.997915506362915 -0.06453365087509155 0.42490139603614807 -0.01792082004249096 0.06451930105686188 0.9977555274963379 -3.5484187602996826 
P 741.7210693359375 1.0230154991149902 13.255997657775879 19595.068359375 -0.1764817237854004 789.6467895507812 -51.06523513793945 336.222900390625 -0.01792082004249096 0.06451930105686188 0.9977555274963379 -3.5484187602996826 
r 0.06457480043172836 0.017908349633216858 -8.016262436285615E-4 
t 26.473390579223633 0.23149992525577545 -3.095878839492798 
# 40
K 741.8402099609375 0.0 0.0 0.0 791.2962646484375 0.0 0.0 0.0 1.0 
E 0.9998291730880737 0.0012932842364534736 0.018438896164298058 27.052310943603516 -1.0215234942734241E-4 0.9979206919670105 -0.06445397436618805 0.4243866801261902 -0.01848391257226467 0.06444107741117477 0.9977503418922424 -3.554513931274414 
P 741.7135009765625 0.9594102501869202 13.678714752197266 20068.4921875 -0.08083277195692062 789.6509399414062 -51.00218963623047 335.8155822753906 -0.01848391257226467 0.06444107741117477 0.9977503418922424 -3.554513931274414 
r 0.06449589878320694 0.018475262448191643 -6.982420454733074E-4 
t 27.113344192504883 0.22943387925624847 -3.0750558376312256 
# 41
K 741.8402099609375 0.0 0.0 0.0 791.2962646484375 0.0 0.0 0.0 1.0 
E 0.9998412132263184 0.0012656582985073328 0.017776187509298325 27.77819061279297 -1.2633124424610287E-4 0.9979531764984131 -0.06394828110933304 0.4001592993736267 -0.01782074011862278 0.06393587589263916 0.9977948665618896 -3.5332725048065186 
P 741.722412109375 0.9389162063598633 13.187090873718262 20606.978515625 -0.09996543824672699 789.6766357421875 -50.60203552246094 316.6445617675781 -0.01782074011862278 0.06393587589263916 0.9977948665618896 -3.5332725048065186 
r 0.06398912519216537 0.01781155914068222 -6.965068751014769E-4 
t 27.836692810058594 0.20859505236148834 -3.0572805404663086 
# 42
K 741.8402099609375 0.0 0.0 0.0 791.2962646484375 -0.0 0.0 0.0 1.0 
E 0.9998197555541992 0.0012918139109387994 0.01894163340330124 28.385690689086914 -6.473794928751886E-5 0.9979086518287659 -0.06463993340730667 0.43231838941574097 -0.018985522910952568 0.06462705880403519 0.9977288842201233 -3.5744152069091797 
P 741.7064819335938 0.9583194851875305 14.051665306091309 21057.646484375 -0.0512268990278244 789.6414184570312 -51.14933776855469 342.0919189453125 -0.018985522910952568 0.06462705880403519 0.9977288842201233 -3.5744152069091797 
r 0.0646824762225151 0.018977949395775795 -6.787899183109403E-4 
t 28.448406219482422 0.23707935214042664 -3.0565707683563232 
# 43
K 741.8402099609375 0.0 0.0 0.0 791.2962646484375 0.0 0.0 0.0 1.0 
E 0.9998323321342468 0.0011916985968127847 0.018273795023560524 29.170989990234375 -3.72994618373923E-5 0.9980108141899109 -0.0630430057644844 0.36180663108825684 -0.018312573432922363 0.06303174793720245 0.9978435039520264 -3.561574697494507 
P 741.7158203125 0.8840499520301819 13.556236267089844 21640.212890625 -0.029514925554394722 789.7222290039062 -49.88569641113281 286.2962341308594 -0.018312573432922363 0.06303174793720245 0.9978435039520264 -3.561574697494507 
r 0.0630827322602272 0.018306346610188484 -6.14941178355366E-4 
t 29.231306076049805 0.1713576465845108 -3.0436389446258545 
# 44
K 741.8402099609375 0.0 0.0 0.0 791.2962646484375 0.0 0.0 0.0 1.0 
E 0.9998244047164917 0.0011927589075639844 0.018701812252402306 29.819196701049805 -2.4438320906483568E-5 0.9980545043945312 -0.062347132712602615 0.33043211698532104 -0.018739793449640274 0.062335725873708725 0.9978792667388916 -3.577049732208252 
P 741.7099609375 0.8848364949226379 13.873756408691406 22121.080078125 -0.019337952136993408 789.7567749023438 -49.335052490234375 261.4696960449219 -0.018739793449640274 0.062335725873708725 0.9978792667388916 -3.577049732208252 
r 0.06238554045557976 0.018734049052000046 -6.090292590670288E-4 
t 29.880985260009766 0.14237837493419647 -3.0323925018310547 
# 45
K 741.8402099609375 0.0 -0.0 0.0 791.2962646484375 0.0 0.0 0.0 1.0 
E 0.9998023509979248 0.0012479315046221018 0.019841643050312996 30.432920455932617 3.596923761506332E-6 0.9980165958404541 -0.06295106559991837 0.3586777448654175 -0.01988084800541401 0.06293869763612747 0.9978193640708923 -3.6116960048675537 
P 741.693603515625 0.9257657527923584 14.719328880310059 22576.36328125 0.002846232382580638 789.726806640625 -49.81294250488281 283.82037353515625 -0.01988084800541401 0.06293869763612747 0.9978193640708923 -3.6116960048675537 
r 0.06299068033695221 0.019875695928931236 -6.226199329830706E-4 
t 30.49871063232422 0.16862912476062775 -3.0225601196289062 
# 46
K 741.8402099609375 0.0 0.0 0.0 791.2962646484375 0.0 0.0 0.0 1.0 
E 0.999799370765686 0.0012957305880263448 0.019987566396594048 31.115304946899414 -3.428787022130564E-5 0.9980145692825317 -0.06298300623893738 0.3587225079536438 -0.020029492676258087 0.06296968460083008 0.997814416885376 -3.614936590194702 
P 741.6913452148438 0.9612250328063965 14.827580451965332 23082.583984375 -0.027131862938404083 789.7252197265625 -49.838218688964844 283.85577392578125 -0.020029492676258087 0.06296968460083008 0.997814416885376 -3.614936590194702 
r 0.06302227079868317 0.020023120567202568 -6.65494182612747E-4 
t 31.18145751953125 0.1706959307193756 -3.0077102184295654 
# 47
K 741.8402099609375 0.0 0.0 0.0 791.2962646484375 0.0 0.0 0.0 1.0 
E 0.9997915625572205 0.0012009241618216038 0.02038135565817356 31.731176376342773 9.852312359726056E-5 0.9979731440544128 -0.06363622844219208 0.39350903034210205 -0.020416468381881714 0.06362497061491013 0.9977650046348572 -3.6191604137420654 
P 741.6856079101562 0.890893816947937 15.119709014892578 23539.462890625 0.07796098291873932 789.6924438476562 -50.35511016845703 311.3822326660156 -0.020416468381881714 0.06362497061491013 0.9977650046348572 -3.6191604137420654 
r 0.06367804855108261 0.020414123311638832 -5.516115925274789E-4 
t 31.798492431640625 0.20054921507835388 -2.9893887042999268 
# 48
K 741.8402099609375 0.0 0.0 0.0 791.2962646484375 0.0 0.0 0.0 1.0 
E 0.9997744560241699 0.0012052996316924691 0.021204723045229912 32.39234161376953 1.2911051453556865E-4 0.998025119304657 -0.06281622499227524 0.3574145436286926 -0.021238557994365692 0.06280479580163956 0.997799813747406 -3.660346031188965 
P 741.6729125976562 0.8941397070884705 15.73051643371582 24029.94140625 0.10216467082500458 789.7335205078125 -49.70624542236328 282.82080078125 -0.021238557994365692 0.06280479580163956 0.997799813747406 -3.660346031188965 
r 0.06285662204027176 0.021237218752503395 -5.384895484894514E-4 
t 32.46282196044922 0.16586390137672424 -2.9878733158111572 
# 49
K 741.8402099609375 0.0 0.0 0.0 791.2962646484375 0.0 0.0 0.0 1.0 
E 0.9997926950454712 0.001095587620511651 0.020330818369984627 33.427452087402344 2.039047540165484E-4 0.9979623556137085 -0.0638054832816124 0.40592724084854126 -0.02035929448902607 0.06379640102386475 0.997755229473114 -3.639820098876953 
P 741.6864013671875 0.8127509355545044 15.082218170166016 24797.828125 0.1613490730524063 789.6838989257812 -50.48904037475586 321.2087097167969 -0.02035929448902607 0.06379640102386475 0.997755229473114 -3.639820098876953 
r 0.06384872645139694 0.020360294729471207 -4.4617534149438143E-4 
t 33.49470901489258 0.20951539278030396 -2.97794246673584 
# 50
K 741.8402099609375 0.0 0.0 0.0 791.2962646484375 0.0 0.0 0.0 1.0 
E 0.9997797608375549 0.0010445906082168221 0.02095934934914112 34.397010803222656 3.0266380053944886E-4 0.9979386925697327 -0.06417348980903625 0.4265773892402649 -0.02098318189382553 0.06416569650173187 0.9977186322212219 -3.6579105854034424 
P 741.6768188476562 0.774919331073761 15.548487663269043 25517.0859375 0.23949673771858215 789.6651611328125 -50.780242919921875 337.5491027832031 -0.02098318189382553 0.06416569650173187 0.9977186322212219 -3.6579105854034424 
r 0.0642184391617775 0.02098722942173481 -3.7124581285752356E-4 
t 34.4663200378418 0.22691650688648224 -2.9560015201568604 

