# 0
K 741.8402099609375 0.0 0.0 0.0 791.2962646484375 -0.0 0.0 0.0 1.0 
E 0.9999800324440002 9.790522744879127E-5 0.006319782696664333 0.04579095542430878 2.892482152674347E-4 0.9981235861778259 -0.061230577528476715 0.27224206924438477 -0.006313919089734554 0.061231184750795364 0.9981036186218262 -3.562436103820801 
P 741.8253784179688 0.07263003289699554 4.688269138336182 33.96957015991211 0.22888103127479553 789.8114624023438 -48.4515266418457 215.42413330078125 -0.006313919089734554 0.061231184750795364 0.9981036186218262 -3.562436103820801 
r 0.061269618570804596 0.006320847198367119 9.573202260071412E-5 
t 0.06836172193288803 0.053603559732437134 -3.5720605850219727 
# 1
K 741.8402099609375 0.0 0.0 0.0 791.2962646484375 0.0 0.0 0.0 1.0 
E 0.9998809695243835 0.0012882659211754799 0.015376552939414978 0.028395626693964005 -3.45285254297778E-4 0.9981272220611572 -0.061171650886535645 0.2682529091835022 -0.01542656123638153 0.06115905940532684 0.9980087876319885 -3.5564002990722656 
P 741.7518920898438 0.9556874632835388 11.40694522857666 21.065017700195312 -0.2732229232788086 789.8143310546875 -48.40489959716797 212.2675323486328 -0.01542656123638153 0.06115905940532684 0.9980087876319885 -3.5564002990722656 
r 0.061205990612506866 0.015411789529025555 -8.173182141035795E-4 
t 0.08316265046596527 0.05028101056814194 -3.5652916431427 
# 2
K 741.8402099609375 0.0 0.0 0.0 791.2962646484375 0.0 0.0 0.0 1.0 
E 0.9997189044952393 0.0022842970211058855 0.023598618805408478 0.016533836722373962 -8.36079241707921E-4 0.9981253147125244 -0.061197247356176376 0.26847079396247864 -0.023694172501564026 0.061160314828157425 0.9978466629981995 -3.551095962524414 
P 741.6316528320312 1.6945834159851074 17.506404876708984 12.265464782714844 -0.6615864038467407 789.8128051757812 -48.42515182495117 212.43994140625 -0.023694172501564026 0.061160314828157425 0.9978466629981995 -3.551095962524414 
r 0.061222758144140244 0.023663392290472984 -0.0015613095602020621 
t 0.10044500231742859 0.050819139927625656 -3.5594887733459473 
# 3
K 741.8402099609375 0.0 0.0 0.0 791.2962646484375 0.0 0.0 0.0 1.0 
E 0.9995251893997192 0.0031384651083499193 0.03065108135342598 0.02108929306268692 -0.0012517221039161086 0.9981135725975037 -0.061381746083498 0.27654191851615906 -0.030785905197262764 0.061314236372709274 0.9976436495780945 -3.5342345237731934 
P 741.4879760742188 2.328239679336548 22.738204956054688 15.644886016845703 -0.9904830455780029 789.8035278320312 -48.57114791870117 218.8265838623047 -0.030785905197262764 0.061314236372709274 0.9976436495780945 -3.5342345237731934 
r 0.061396270990371704 0.030742669478058815 -0.0021968211513012648 
t 0.12953774631023407 0.05938753858208656 -3.5422346591949463 
# 4
K 741.8402099609375 0.0 0.0 0.0 791.2962646484375 0.0 0.0 0.0 1.0 
E 0.9999152421951294 0.0011322411010041833 0.012967931106686592 2.66353702545166 -2.917340607382357E-4 0.9979090094566345 -0.06463361531496048 0.42569082975387573 -0.013013996183872223 0.0646243542432785 0.9978247880935669 -3.4838759899139404 
P 741.77734375 0.8399419784545898 9.620132446289062 1975.9188232421875 -0.23084807395935059 789.6416625976562 -51.14433670043945 336.8475646972656 -0.013013996183872223 0.0646243542432785 0.9978247880935669 -3.4838759899139404 
r 0.06467588990926743 0.013000392355024815 -7.125043193809688E-4 
t 2.708526611328125 0.20267325639724731 -3.469271183013916 
# 5
K 741.8402099609375 0.0 -0.0 0.0 791.2962646484375 0.0 0.0 0.0 1.0 
E 0.9997031688690186 0.002717487048357725 0.024210916832089424 2.800431489944458 -0.0011172178201377392 0.9978277683258057 -0.06586690247058868 0.47718545794487 -0.024337317794561386 0.06582029908895493 0.9975346326828003 -3.4807376861572266 
P 741.6199951171875 2.0159411430358887 17.96063232421875 2077.47265625 -0.8840503096580505 789.577392578125 -52.120235443115234 377.5950622558594 -0.024337317794561386 0.06582029908895493 0.9975346326828003 -3.4807376861572266 
r 0.06589780747890472 0.02429410070180893 -0.0019189309095963836 
t 2.8837788105010986 0.2546558380126953 -3.435786247253418 
# 6
K 741.8402099609375 0.0 0.0 0.0 791.2962646484375 0.0 0.0 0.0 1.0 
E 0.9995304346084595 0.003876923583447933 0.03039553202688694 3.398463726043701 -0.0019318271661177278 0.9979631900787354 -0.06376289576292038 0.3774426579475403 -0.030580826103687286 0.06367423385381699 0.9975020885467529 -3.519002914428711 
P 741.4918823242188 2.8760578632354736 22.548627853393555 2521.116943359375 -1.5286476612091064 789.6845703125 -50.45534133911133 298.6689758300781 -0.030580826103687286 0.06367423385381699 0.9975020885467529 -3.519002914428711 
r 0.06377176195383072 0.03051363304257393 -0.0029068002477288246 
t 3.5037527084350586 0.16577963531017303 -3.430981397628784 
# 7
K 741.8402099609375 0.0 -0.0 0.0 791.2962646484375 0.0 0.0 0.0 1.0 
E 0.9992481470108032 0.00493905832991004 0.03845389559864998 3.7099201679229736 -0.0024476107209920883 0.99791020154953 -0.06456995010375977 0.4096447229385376 -0.038692448288202286 0.06442728638648987 0.9971719980239868 -3.540132999420166 
P 741.282470703125 3.663992166519165 28.52664566040039 2752.16796875 -1.9367852210998535 789.6426391601562 -51.09395980834961 324.15032958984375 -0.038692448288202286 0.06442728638648987 0.9971719980239868 -3.540132999420166 
r 0.06455963104963303 0.038609664887189865 -0.003696828382089734 
t 3.843104839324951 0.19903098046779633 -3.4139113426208496 
# 8
K 741.8402099609375 0.0 0.0 0.0 791.2962646484375 0.0 0.0 0.0 1.0 
E 0.9998720288276672 0.0017501374240964651 0.015900369733572006 5.449713706970215 -7.271344074979424E-4 0.9979420900344849 -0.06411765515804291 0.3997408151626587 -0.015979863703250885 0.06409788876771927 0.9978156685829163 -3.4920101165771484 
P 741.7453002929688 1.298322319984436 11.795533180236816 4042.816650390625 -0.5753787159919739 789.6678466796875 -50.736061096191406 316.31341552734375 -0.015979863703250885 0.06409788876771927 0.9978156685829163 -3.4920101165771484 
r 0.06415450572967529 0.015951737761497498 -0.0012395388912409544 
t 5.504527568817139 0.18462544679641724 -3.4233603477478027 
